[15.830083, 14.16982, 13.763729, 13.274521, 14.399126, 15.448461, 14.437637, 11.901328, 13.674529, 13.967894]
[14.878259, 15.818962, 15.830083, 15.357024, 13.911107, 14.899092, 14.491282, 15.545906, 14.189997]
[15.357024, 15.578457]
[14.18941, 14.558763, 15.582911, 14.328358]
[15.664696, 15.413309, 14.8709755, 13.178097, 14.18941, 14.318026, 15.424274, 14.1705675, 15.2939205, 15.236071]
[13.660875]
[15.65472, 15.660125, 13.74384, 15.123122, 13.910218]
[14.489978, 15.903026, 15.855546, 15.35602]
[15.408521, 13.617093, 15.770197]
[14.559566, 15.634548, 12.274502, 15.742624, 15.691904, 11.764449]
[14.036546, 14.951822, 15.476749, 15.436837, 15.873198, 12.76659]
[15.672395, 15.580934, 14.000706, 13.860153, 15.699206, 15.498182, 15.528336, 15.715025]
[12.983199, 15.580934, 15.621415, 12.039041, 15.136233, 13.832955]
[15.378092, 15.660778, 15.1407585, 13.281739, 13.681476, 14.7024555]
[14.699562, 14.236006, 15.211072, 15.548749, 10.856572, 14.662068]
[15.857039, 14.508171, 14.82396, 14.292273, 13.536476, 15.334004, 14.172218, 11.8115425]
[15.196778, 14.481449, 15.889301, 15.075411, 14.920457, 15.596502]
[12.592503, 14.4086, 13.608617, 12.684974, 15.8783455, 15.691041, 15.837125, 14.849095, 15.825033, 14.264218]
[15.062729, 11.493803, 14.022702]
[15.61412, 14.08599, 15.158121, 14.982166, 13.867369, 15.851867, 13.331413, 12.052154]
[15.90313, 15.849673, 14.356117, 15.939318]
[14.631352, 14.103012, 12.434046, 15.963013, 15.038586, 13.129863, 15.50003]
[15.915735, 12.724547, 14.51598, 13.3790045]
[13.367088, 14.832602, 15.4184265, 13.275792, 11.119635]
[12.499052, 13.468379, 14.392578, 14.550652, 15.651375, 15.763433]
[14.686978, 13.824314, 15.112905, 15.563935, 15.487779, 15.901727]
[14.665252, 15.684335, 15.585757, 15.013592, 15.890949, 15.924533, 15.967321]
[15.796262, 15.189112, 15.048596, 12.625114]
[15.898554, 15.332833, 15.2374325, 14.9193735, 14.977304, 12.064096, 13.890165]
[15.181776, 15.496552, 15.763353, 15.787112, 11.47565]
[15.1265745, 13.7501955, 15.901902, 14.752296, 15.333273]
[14.874513, 15.875047, 11.752951, 15.631731, 12.678493, 15.544174, 10.42137, 12.744283]
[14.831744, 15.111138, 14.571269, 15.613841, 14.3434515, 14.95894, 15.637975, 14.859011, 13.718574, 11.9499655, 14.816256, 15.60429]
[14.72553, 14.512867, 15.251429, 15.910988, 13.806364, 13.247116, 15.472308, 13.146738]
[14.932207, 15.719361, 14.699411, 13.199531, 13.73396, 14.127013, 14.465345, 15.672291, 15.333604, 13.438332]
[14.240064, 15.357471, 15.505052, 15.626395, 15.09706, 11.12959, 15.502578]
[14.491817, 11.626652, 15.992101, 14.237332, 14.312699]
[15.871438, 15.2688265, 15.613087, 10.518685, 15.200665, 14.97646, 15.596441, 14.378439, 13.873551]
[15.366819, 15.923493, 14.581841, 15.620004, 14.855032, 13.869049]
[14.139651, 13.971061, 15.748509, 12.051957]
[15.207058, 11.351911, 12.521639, 14.008885, 14.228723]
[13.061334, 15.7760935, 14.51632, 15.056299, 14.388625, 13.842138, 15.649932]
[13.843083, 14.335319, 15.299534]
[15.757363, 13.992544, 13.750301, 15.133586, 15.805996, 13.112463, 14.098567, 15.241538]
[14.626481, 13.705159, 13.557566, 14.870274, 14.005351, 13.084811, 14.798962]
[14.935062, 15.136855, 15.154112, 14.11635, 12.888435, 15.644366]
[14.250441, 14.6579685, 14.887265]
[15.99648, 15.62646, 15.862668, 13.981101, 15.498923]
[12.973968, 11.232788, 15.443427, 14.401273]
[15.856184, 14.569304, 15.799334, 12.794006, 15.062452, 13.702534, 15.22636, 15.641845]
[14.416974, 15.59672, 12.310124]
[14.446531, 14.897148, 14.880354, 14.678364, 15.110928, 14.414457, 13.327027, 15.4650755, 15.628701, 15.328084, 10.729356, 15.70663, 15.10792, 14.489509]
[15.971497, 13.719427, 13.995115, 15.4650755, 15.804121]
[15.3930855, 15.324885, 14.397014, 15.05238, 11.929377, 15.985279, 11.521247, 14.495469, 13.103009]
[14.13304, 14.206224, 15.321819, 15.686282, 11.563058, 14.501239, 15.942503, 15.256512, 15.581676, 13.018517, 13.548215]
[14.785896, 13.917355, 12.491751, 14.80453, 15.798597, 14.394079, 15.028258, 15.122787, 14.501239, 15.855815]
[15.636935, 12.837975, 13.969005, 14.176506, 14.317323, 15.453652, 12.5978985, 14.334749, 15.842937, 15.631892, 14.518154, 11.478413, 12.799241]
[10.361733, 15.346398, 14.988314, 14.663204, 13.424387]
[14.377374, 11.480756, 15.188086, 13.909641, 15.63682, 15.89386, 15.83004, 14.750433, 15.785371]
[15.977057, 15.590556, 14.62907, 15.617613, 14.871115, 14.959548, 13.027583, 14.236453, 13.821325, 15.458231, 13.683032]
[15.033947, 15.9490595, 15.562467, 14.959548]
[10.221859, 15.886974, 14.911269, 14.865247, 15.280973]
[15.609688, 14.024293, 15.297419, 13.106939]
[11.500558, 15.823996, 14.975008, 14.660583, 15.3994875, 13.106891, 14.279974, 15.218886]
[15.39713, 13.477337, 14.960818, 15.124186, 15.343708, 15.823996, 15.088572]
[14.793863, 15.748552, 14.81135, 14.472822, 15.148967, 13.477337, 15.982577, 14.913605, 11.268617, 15.944998, 15.5669565, 15.331895, 15.169984, 13.846223]
[14.294274, 14.732148, 15.253199, 15.794946, 14.722934, 9.270497, 15.67687, 14.913605]
[14.815422, 14.26211, 12.648974, 15.842091, 15.423924, 14.732148, 15.253199, 14.760932, 14.405912, 14.6801815]
[11.200491, 15.428755, 15.829166, 13.315915, 15.967082, 15.606086, 12.648974, 15.338391, 14.05328, 15.000468, 14.084259, 12.679653, 15.116424]
[13.2411585, 14.639161, 14.946538, 14.818703, 15.628151, 13.961954, 13.858249, 15.428755, 15.338391, 15.90372, 13.0208025]
[14.470215, 11.526439, 15.273094, 10.304732, 12.573568, 15.153522, 15.141012, 15.687126]
[14.365622, 15.459977, 15.35771, 13.950495, 15.051766, 15.545046, 15.1280575, 14.380217, 12.573568]
[15.791353, 13.458376, 13.929555, 14.804584, 15.654288, 14.376868, 13.336451, 14.372693, 14.365622, 15.459977, 14.269783]
[15.054092, 15.791087, 12.9016285, 14.24527, 15.424223, 15.093245, 14.513192, 14.774724, 15.848575, 10.553149, 13.704097, 14.946277, 14.307783, 14.667049, 15.828835]
[13.6159525, 12.703511, 15.791087, 13.418813, 13.379622, 15.070058, 15.980931, 10.553149, 13.704097, 14.415579]
