[14.16982, 13.763729, 13.274521, 13.674529]
[15.818962, 13.911107, 14.491282, 14.189997]
[]
[]
[13.178097, 14.318026, 15.424274, 14.1705675, 15.2939205, 15.236071]
[13.660875]
[15.65472, 13.74384]
[14.489978]
[15.408521]
[15.634548]
[14.951822, 15.436837]
[15.699206, 15.498182, 15.715025]
[15.621415, 15.136233]
[15.378092, 15.1407585, 13.681476]
[15.211072]
[14.292273, 15.334004, 11.8115425]
[15.075411]
[13.608617, 12.684974, 15.8783455, 15.691041, 14.849095]
[15.062729, 11.493803]
[15.158121, 14.982166]
[15.90313, 14.356117]
[12.434046, 15.963013, 15.038586]
[15.915735, 14.51598]
[]
[13.468379, 14.392578, 15.651375]
[13.824314, 15.112905, 15.563935]
[15.013592, 15.890949, 15.924533, 15.967321]
[15.189112, 15.048596]
[12.064096]
[15.763353]
[15.333273]
[11.752951, 10.42137]
[14.571269, 15.613841, 14.3434515, 15.637975, 14.859011, 13.718574, 15.60429]
[15.251429, 13.247116]
[14.465345, 15.672291]
[15.626395, 11.12959]
[14.491817, 14.312699]
[15.613087, 15.200665, 15.596441, 14.378439, 13.873551]
[14.581841, 13.869049]
[13.971061]
[14.008885, 14.228723]
[15.7760935, 15.056299, 14.388625, 13.842138, 15.649932]
[15.299534]
[15.133586, 15.241538]
[13.705159, 14.005351, 13.084811]
[14.935062]
[14.6579685, 14.887265]
[15.99648, 15.62646, 15.862668, 13.981101]
[11.232788, 14.401273]
[15.799334, 15.062452]
[14.416974]
[14.678364, 14.414457, 15.328084, 10.729356, 14.489509]
[15.971497, 13.719427]
[14.397014, 15.05238, 11.929377, 15.985279]
[15.942503, 15.256512]
[12.491751, 14.80453, 15.798597, 14.394079]
[15.636935, 14.176506, 14.317323, 15.453652]
[15.346398, 13.424387]
[15.89386]
[15.617613, 13.027583, 14.236453, 13.821325]
[15.033947, 15.9490595, 15.562467]
[15.886974, 14.911269]
[14.024293, 15.297419, 13.106939]
[14.975008, 15.3994875, 14.279974]
[14.960818]
[15.148967, 15.944998, 15.5669565, 15.331895, 15.169984]
[15.794946, 9.270497]
[14.26211, 15.423924, 14.760932, 14.405912]
[15.829166, 13.315915, 14.05328, 15.000468, 14.084259]
[14.639161, 15.90372]
[15.273094, 15.153522]
[15.051766, 15.1280575, 14.380217]
[13.929555, 13.336451, 14.372693]
[15.424223, 14.513192, 14.307783]
[13.418813, 13.379622, 15.980931, 10.553149]
