[11.901328, 13.674529]
[15.818962, 15.830083, 14.189997]
[15.357024, 15.578457]
[14.328358]
[13.178097, 14.18941, 15.2939205, 15.236071]
[]
[15.65472, 13.74384]
[14.489978, 15.855546]
[15.408521]
[12.274502]
[14.559566, 15.476749, 15.436837, 15.742624, 15.873198]
[15.699206, 15.498182, 15.715025]
[12.983199, 15.580934, 15.136233]
[15.1407585]
[13.281739, 14.236006, 10.856572, 14.662068]
[13.536476, 15.334004, 14.172218]
[15.196778, 14.481449, 15.889301, 15.075411, 14.920457, 15.596502]
[12.684974, 15.8783455, 15.691041, 14.849095, 15.825033]
[14.022702]
[13.867369, 15.851867]
[15.90313, 14.356117]
[12.434046, 15.963013, 15.038586, 15.849673, 13.129863, 15.50003]
[14.51598]
[]
[14.392578, 15.651375]
[13.824314, 15.563935, 15.901727]
[15.013592, 15.967321]
[15.189112, 14.430123, 15.048596]
[14.977304, 13.890165]
[15.763353, 15.787112, 11.47565]
[]
[11.752951, 13.7501955]
[15.613841, 13.718574, 11.9499655, 14.816256, 15.60429]
[13.806364, 13.247116]
[]
[15.357471, 15.505052, 11.12959]
[11.626652, 15.992101, 14.237332, 14.312699]
[15.200665, 14.97646]
[14.581841, 15.620004, 14.855032]
[12.051957]
[11.351911, 14.008885]
[14.51632, 15.056299]
[15.299534]
[15.133586, 15.805996]
[14.626481, 13.557566, 13.750301, 14.870274, 13.084811, 14.798962]
[14.11635, 12.888435]
[14.887265]
[15.99648, 15.862668, 13.981101]
[11.232788, 15.443427, 14.401273]
[14.569304]
[14.416974]
[14.678364, 14.414457, 15.328084, 10.729356]
[15.971497, 13.719427, 13.995115, 15.4650755]
[14.397014, 15.05238]
[15.942503, 15.256512]
[12.491751, 14.80453, 11.563058, 15.122787, 14.501239]
[14.176506, 12.5978985, 14.334749]
[15.346398, 14.988314, 14.663204, 13.424387]
[]
[14.62907, 15.617613, 13.821325, 15.458231, 13.683032]
[15.033947, 15.562467, 14.959548]
[15.886974, 15.280973]
[14.024293, 15.297419, 13.106939]
[14.975008, 14.660583, 15.3994875]
[14.960818, 15.343708, 11.500558, 15.823996]
[15.148967, 15.982577, 15.944998, 15.5669565, 15.331895]
[14.913605, 11.268617]
[15.423924, 14.732148, 15.253199]
[15.829166, 15.606086, 12.648974, 15.000468, 14.084259]
[14.639161, 13.961954, 13.858249, 15.428755, 15.338391, 15.90372]
[]
[14.380217, 12.573568]
[13.336451, 14.372693, 14.365622, 15.459977]
[15.424223, 14.513192, 14.774724, 15.848575, 14.307783, 14.667049]
[15.791087, 15.980931, 10.553149, 13.704097]
